0.21314469020889523 0.815921761503751 0.17945913437247143 0.9118677943528447 0.3823718385246775 -0.14336949071677346 0.04164242856690713
0.17465591512005946 0.8232166129063462 0.179070332527427 0.8848686615146283 0.4246367978024442 -0.17157663946701837 0.08516160291235876
0.13439333044061144 0.8317577821249192 0.17902701829970016 0.7781839982593483 0.6072859861429427 -0.13154883432590095 0.09125952046217423
0.09567537705050598 0.8411439946293428 0.17873550190609672 0.9792165155496273 0.15043941605829228 -0.12234080464246849 0.05946196507281534
0.20575488716363838 0.7772274383758293 0.1794686499226257 0.9489174136335903 0.30829481553109406 -0.0660465281377064 -0.01216161751341264
0.1665136513907775 0.7849094318339077 0.17883870712171426 0.9399787892649101 0.32473666980522975 -0.10340409273222298 -0.017133727618631266
0.1280232957375928 0.7933659058380117 0.17864624166995807 0.9300835352418426 0.34734173501013915 -0.11862564654586959 -0.01504302408951624
0.08820799216345787 0.8016910280240893 0.17896111578892346 0.9166220259741847 0.3717099636337407 -0.14705435425545368 -0.003283493398300565
0.1985542108546362 0.7376358774439415 0.17955292164734082 0.9937165148622966 0.05641893633296036 -0.07420429270275884 0.06195251937954322
0.15835996843422048 0.7452523473662611 0.1792131223055687 0.9842078642171574 0.0824262207663029 -0.11383364467168296 0.10762295054517036
0.11942187011750047 0.7538498683988595 0.17929076634680147 0.979816139565589 0.1061377172574952 -0.12377976273247152 0.11564466247971911
0.08054824211838144 0.7631499228175893 0.17903397956330108 0.9752584581139143 0.12942349031222322 -0.13384628091900486 0.11918755437051284
0.18921221856209441 0.6999456476857443 0.17965251885711914 0.9821427758361951 0.020390050607980135 -0.1244043350921915 0.13965448478028838
0.14945369915658527 0.7070994596288954 0.17957371824618085 0.9756535940142602 0.04494129217957096 -0.15223583621931022 0.15134264076887155
0.11002387067913538 0.7157490334507752 0.17925765339633828 0.9686432683839012 0.07298495579853631 -0.17744504148905885 0.15785015708761935
0.06996725410078301 0.7232721439197434 0.17888087463971253 0.9624553406967377 0.10193413307673307 -0.19375551038960115 0.16046168350072723
0.1810575541900506 0.6596152800408235 0.17950886255480986 0.983553841914689 0.07444616682746852 -0.10570353774685984 0.126120459907783
0.14113905131040402 0.6678987432400687 0.17885034031817737 0.9741627451899288 0.11047664962157586 -0.13562213600753645 0.14285829341402254
0.10220921606790238 0.6762915469654941 0.1787725016344302 0.9661774721154405 0.13881532840348573 -0.15614707819404935 0.15116046754463291
0.06373674425004537 0.6840691795893472 0.17920658065230657 0.9576899093824506 0.16354243380114578 -0.18173730890123962 0.15184024620227618
0.172211994128631 0.6201537619525995 0.18016479357345452 0.9427668260707677 0.08085702999543319 -0.1986053280927485 0.2553600908794109
0.13284014212058112 0.6298638407695366 0.17921291713619203 0.9756986537615479 0.08904917458707781 -0.14501196255245014 0.13803590934952747
0.09361003041544891 0.6377770024074153 0.17923428104574587 0.9679028353876407 0.11445225968164198 -0.17341877267001346 0.14138851009880124
0.05547723941499656 0.6447739550060968 0.17873353328609276 0.9576462247981373 0.1416576998344875 -0.20369969935711674 0.146127467265052
