0.36080653450982969 0.87054939199134951 0.17004505654718316 
0.31921701237068795 0.87794193899978668 0.169841725059799 
0.28071861405166526 0.88408308598555541 0.16968893020798884 
0.24170384345066423 0.89043235672606014 0.16948485592901638 
0.35140893694309583 0.82910860463331193 0.17085099706651394 
0.31126057672133184 0.83623291840674652 0.17075951259883196 
0.27369707586795083 0.84573267835663113 0.16955671413351106 
0.2340261124470194 0.8526843796782807 0.1693388799621291 
0.34540320890358195 0.7940252144083968 0.17087603397418011 
0.30645836652333247 0.80117612736215105 0.17062785176433864 
0.26652737233889767 0.80763902525131626 0.17039517177062038 
0.22712568034539779 0.81421016582403805 0.17011391878543167 
0.33955831059211844 0.75516769604905309 0.17063175687136239 
0.29995113006555602 0.7616465158156458 0.17046939158322166 
0.25917994313363552 0.76845718869924817 0.17036411807808866 
0.22009135519008705 0.77518728208269883 0.16974801969887676 
0.33116638128657228 0.71626868153562606 0.17070026945705224 
0.29187175305820945 0.72315577725033231 0.17027097872718483 
0.25211621041522553 0.73064063312082306 0.17027860433133518 
0.21213891498773316 0.73786792265347068 0.17003047730358334 
0.32496389323455604 0.67766540422393151 0.17075538754780667 
0.28456544371657205 0.68479608849470286 0.17055867259672627 
0.24497941719813773 0.69209027728567252 0.17027803199086594 
0.20537935223291767 0.69890770157270854 0.17004436137430184 